420
512
271
566
112
839
229
23
502
620
362
746
920
123
735
15
562
220
118
853
158
634
174
14
88
235
429
87
108
78
313
793
233
344
790
394
976
681
471
608
527
607
921
223
254
667
925
727
428
590
92
248
233
679
613
794
802
54
666
974
824
581
534
77
108
97
859
665
746
760
142
416
562
182
331
930
403
997
755
887
212
979
699
785
743
288
785
548
334
619
595
778
534
127
985
364
518
459
884
777
749
101
513
63
681
312
585
106
16
616
971
895
301
413
468
537
190
531
391
618
346
38
610
148
972
126
815
432
613
514
291
275
37
973
458
732
801
901
83
309
99
205
865
959
790
226
56
358
99
552
373
495
599
228
533
767
947
502
435
24
153
906
344
107
684
352
461
46
18
263
991
565
200
980
477
682
752
305
982
341
264
536
589
756
723
382
487
643
613
532
486
639
451
775
117
772
639
837
834
967
666
223
816
734
578
860
829
222
720
424
381
787
868
260
894
743
785
40
79
684
480
166
956
855
334
833
197
918
128
569
349
639
139
745
777
115
888
503
183
911
334
830
233
784
353
926
946
360
795
725
719
269
456
621
86
636
981
545
941
465
650
961
920
373
792
780
639
427
103
461
961
900
835
66
195
673
304
909
534
390
879
587
609
659
628
893
774
562
637
290
838
377
712
7
852
722
804
396
596
559
24
283
954
749
979
216
294
590
502
255
571
856
217
227
73
438
208
608
57
521
322
58
293
854
947
283
782
145
984
782
642
828
55
949
960
825
24
932
393
259
133
402
683
988
793
335
995
276
78
25
545
267
234
524
563
379
377
273
78
53
347
346
895
789
166
34
82
926
119
643
352
775
863
472
860
180
289
394
74
411
855
67
204
591
202
766
110
325
736
308
310
222
775
316
738
627
609
29
708
40
930
898
396
413
614
750
239
913
254
817
280
350
382
539
1000
110
286
227
839
303
902
992
560
498
191
177
504
161
67
589
360
975
68
236
458
821
394
920
330
542
176
864
795
678
116
838
768
212
119
712
290
730
812
998
148
176
832
769
177
946
610
386
841
436
532
523
88
795
418
159
131
842
929
137
922
184
862
753
441
627
837
99
432
280
53
811
503
486
855
683
408
954
42
194
677
692
242
445
311
823
888
989
413
274
643
92
497
763
491
978
352
153
944
497
45
295
513
737
394
96
518
708
906
871
598
322
797
657
774
339
530
752
112
631
772
170
852
498
636
383
416
420
591
963
670
113
979
275
68
692
772
499
888
282
349
1000
621
250
796
436
374
550
25
380
152
397
718
284
142
21
24
231
303
668
419
843
829
596
904
325
235
267
603
915
568
544
20
630
360
754
943
359
717
347
699
635
46
584
72
146
336
863
985
251
973
93
737
496
910
31
797
405
495
121
219
265
743
350
926
505
430
741
201
805
34
797
596
909
248
564
417
281
529
476
669
695
835
687
461
562
955
944
127
81
987
171
926
670
88
246
348
455
25
836
105
28
957
438
375
908
811
122
718
412
241
659
891
47
497
737
25
308
771
646
654
700
402
237
984
954
997
970
960
868
555
240
665
589
675
899
616
848
664
983
930
208
749
573
278
702
196
55
225
974
833
240
299
415
35
637
441
464
505
986
15
493
299
104
147
56
595
357
98
686
970
215
283
461
64
7
942
829
713
129
835
343
87
719
698
656
817
214
778
131
686
377
514
259
732
313
40
80
532
821
957
167
857
130
721
467
345
713
803
397
87
599
802
412
595
245
647
565
11
896
209
101
627
448
564
240
373
942
417
691
773
480
192
646
831
807
871
291
432
918
871
872
47
676
924
80
769
903
847
445
281
373
937
267
7
94
334
551
999
977
421
256
866
147
75
537
772
465
147
643
442
977
870
74
997
256
515
654
752
23
961
710
385
714
483
221
220
109
268
72
979
665
680
707
407
143
598
946
751
567
791
362
602
591
43
359
249
539
760
80
122
159
947
911
560
722
896
418
110
273
824
720
452
216
188
603
127
393
1
664
440
232
424
674
895
633
213
458
526
740
108
959
605
65
74
350
543
714
926
935
763
663
96
92
253
742
773
538
584
56
620
626
956
104
701
253
624
375
471
433
235
311
996
27
349
29
440
505
947
158
533
370
392
331
447
887
780
206
151
401
750
765
350
193
886
73
637
526
202
546
149
587
242
548
77
606
664
911
399
364
783
787
74
641
762
471
441
518
92
513
968
281
424
10
237
630
474
505
500
218
305
87
839
24
159
174
653
113
258
463
663
508
397
740
487
240
965
826
2
632
527
114
345
920
862
862
809
89
750
461
619
97
205
975
823
937
742
52
434
417
445
972
953
623
472
774
655
513
971
344
98
649
885
438
644
353
314
677
879
94
627
575
423
504
191
771
716
717
787
804
650
143
871
884
575
844
684
551
882
362
860
423
477
504
319
258
922
73
387
441
428
484
270
435
42
135
461
22
371
88
867
558
706
26
929
773
197
301
400
157
290
745
860
664
413
284
741
53
296
511
237
304
648
663
557
920
737
660
846
511
538
38
334
901
365
123
270
152
742
810
528
966
617
210
154
642
533
541
230
311
133
326
924
666
115
738
508
608
962
145
514
431
522
311
611
540
25
645
141
924
960
746
443
184
231
389
731
829
371
35
674
88
601
371
164
799
968
42
99
364
546
140
785
405
694
368
89
339
282
75
553
256
332
282
327
310
473
17
466
99
775
277
614
497
294
572
129
930
40
806
484
865
3
641
848
375
707
295
108
469
723
743
375
917
348
895
786
25
315
582
503
258
364
554
919
599
94
270
339
527
203
167
583
150
202
245
833
854
543
966
763
951
390
180
829
985
197
625
77
210
853
345
410
653
792
414
736
44
635
380
904
532
506
586
342
124
216
218
601
1
250
367
370
268
978
987
844
453
918
11
610
808
681
259
682
14
291
287
453
865
648
945
633
824
747
676
103
531
319
610
13
31
596
781
920
811
980
451
334
390
970
396
751
117
170
483
104
399
934
835
191
817
465
197
625
517
72
261
230
44
518
523
804
505
497
437
343
88
72
641
418
588
449
330
736
417
362
159
994
378
638
345
744
710
390
919
645
325
757
731
81
60
857
236
177
211
949
675
188
875
73
635
525
193
71
891
383
843
569
239
318
760
742
451
512
836
385
229
611
478
786
279
620
668
561
777
538
125
917
525
910
282
567
798
993
952
984
280
977
311
265
479
150
938
988
512
616
462
411
3
896
531
668
859
334
589
353
576
483
91
694
880
242
834
87
181
892
306
575
378
904
16
436
751
747
966
751
365
176
144
665
34
796
149
241
198
600
926
688
815
302
646
386
638
420
647
86
821
487
736
127
831
187
942
110
545
178
812
81
107
966
833
96
387
729
706
552
589
942
303
491
69
64
892
347
623
890
429
950
511
143
739
290
933
732
868
628
136
805
356
57
640
625
933
305
193
9
883
804
959
881
81
891
949
873
698
167
861
191
782
666
92
925
824
399
286
869
892
642
822
995
59
329
131
35
8
78
193
1000
554
87
574
519
948
971
444
757
220
782
28
634
838
819
488
105
791
237
81
446
315
26
561
606
816
75
407
654
942
876
690
881
967
337
873
789
74
720
990
238
600
278
284
193
119
13
5
785
325
621
785
153
796
490
365
284
375
170
592
866
241
221
473
788
306
47
693
646
36
9
829
325
858
440
210
456
48
104
373
522
782
490
48
242
201
785
929
368
600
435
151
851
390
764
806
299
312
830
9
509
347
372
61
426
31
387
598
530
216
395
919
626
74
461
402
923
222
827
170
506
823
700
724
775
636
665
347
4
853
485
290
319
726
694
413
425
400
355
509
123
796
256
505
997
270
352
934
800
224
680
233
718
501
662
504
742
749
750
754
612
102
818
162
273
131
491
387
270
559
230
187
98
573
199
467
36
494
564
115
85
729
180
387
780
900
260
732
140
159
167
582
665
143
961
109
184
799
520
902
885
583
520
371
276
399
230
359
874
79
799
646
872
261
464
603
2
297
293
503
102
461
468
323
616
44
507
229
97
29
289
282
620
16
534
875
265
643
130
103
546
157
12
510
956
163
287
344
519
305
776
693
385
579
695
959
878
750
332
547
392
81
249
972
511
567
684
323
973
426
384
240
163
461
649
411
591
253
36
975
785
703
666
488
21
25
494
104
931
532
964
240
6
638
324
464
393
359
758
868
741
457
150
858
465
274
698
94
784
597
18
495
384
408
267
422
608
342
153
618
449
564
938
892
531
735
280
359
352
898
482
249
900
517
679
911
52
812
699
798
108
745
59
46
261
145
98
683
706
953
469
417
899
633
574
900
429
718
29
97
517
545
595
895
699
54
537
738
61
129
932
151
920
122
15
798
661
521
762
620
20
394
182
533
575
979
647
392
301
681
391
250
571
775
212
36
227
210
189
647
43
795
71
158
975
483
94
492
153
558
50
863
612
614
177
603
938
229
859
28
573
636
438
72
977
189
99
636
435
993
750
958
182
346
237
194
709
165
232
353
103
739
192
994
138
29
267
501
595
451
574
484
214
400
270
887
538
267
514
116
375
739
171
437
725
289
159
157
733
286
875
321
133
198
700
851
113
797
963
378
35
81
652
866
193
308
712
805
934
263
462
49
962
978
909
942
312
311
547
83
339
378
222
709
419
208
223
804
337
504
879
809
975
138
478
967
869
750
120
230
812
1000
503
252
889
113
792
300
787
636
602
778
258
275
380
292
532
97
127
582
244
718
28
777
855
69
958
892
328
137
180
655
104
930
891
507
28
862
654
620
159
92
910
522
442
587
468
453
139
276
999
354
197
273
447
852
663
233
301
694
667
332
856
393
958
863
287
717
454
937
692
633
654
539
356
262
179
669
265
193
102
771
307
451
676
588
155
666
495
39
603
794
914
225
255
409
875
470
45
89
373
911
440
665
158
957
328
616
546
961
950
79
998
481
437
590
807
945
776
274
896
626
501
821
244
456
871
490
137
116
371
469
71
167
470
218
874
98
762
272
698
482
515
943
143
58
880
678
406
576
864
588
372
936
35
646
487
260
864
229
404
599
618
440
233
672
982
730
351
739
604
721
358
875
906
898
724
368
108
694
308
685
257
33
944
547
955
593
957
415
821
56
426
979
507
339
91
867
860
327
293
626
402
869
788
732
737
286
370
108
74
139
961
619
778
809
749
639
598
973
558
168
473
172
511
103
564
708
712
239
136
903
343
270
706
436
686
141
430
57
46
1
349
422
716
390
629
356
908
279
504
807
992
862
112
775
813
660
743
492
475
840
512
589
758
820
167
35
992
332
87
28
539
15
860
633
681
944
169
844
523
203
102
893
398
547
930
639
714
235
472
786
233
238
10
260
65
532
186
868
344
195
76
629
529
176
34
459
33
920
142
720
576
551
287
420
344
763
873
534
219
678
373
291
679
579
525
68
165
373
347
765
599
924
738
697
404
824
361
545
308
669
593
669
843
268
363
956
807
980
216
820
419
799
629
974
837
872
595
269
974
685
960
160
668
760
231
52
827
461
622
62
560
128
872
765
86
364
748
569
247
991
50
661
632
971
73
760
578
689
17
48
260
426
632
359
265
816
74
38
689
786
981
783
935
881
177
404
85
491
98
569
348
560
66
139
781
535
843
654
993
770
531
686
755
55
865
864
513
994
824
471
390
539
859
176
652
615
856
553
857
787
836
514
329
865
339
670
669
75
614
708
169
642
253
632
619
177
992
484
207
40
223
601
346
138
698
257
86
503
734
506
334
210
708
212
723
172
533
738
854
205
461
88
855
193
701
444
52
110
919
653
497
47
177
764
624
780
901
616
873
290
578
552
692
454
255
966
418
768
700
320
84
503
161
28
963
134
895
948
893
266
353
180
915
999
403
617
356
832
304
340
179
346
228
339
527
532
741
782
886
986
466
471
671
41
977
870
214
287
143
515
843
867
428
2
173
846
454
947
941
527
213
257
353
390
654
481
906
58
898
856
804
71
52
324
160
693
705
908
372
161
41
480
314
191
765
148
612
420
670
366
570
534
820
88
98
974
970
116
395
713
704
32
734
841
451
283
713
978
500
19
390
9
210
399
14
343
45
142
518
762
27
664
439
192
402
126
307
289
422
945
226
511
710
500
315
663
817
92
733
600
865
270
449
324
193
454
857
228
213
962
654
321
96
779
823
8
354
692
505
173
822
125
770
633
32
684
756
348
77
93
945
91
804
383
54
972
958
427
516
59
528
11
172
645
565
311
634
158
633
112
37
689
473
583
770
400
399
937
56
721
387
580
575
877
779
525
57
765
667
569
564
284
336
765
663
525
300
677
734
111
167
39
730
950
237
430
304
212
366
358
995
839
519
555
10
801
595
904
387
238
65
513
468
72
621
131
530
655
189
366
412
790
302
198
429
353
156
947
438
318
703
493
397
691
194
440
746
639
438
841
211
697
408
933
780
318
99
559
290
545
911
936
277
558
528
972
984
655
308
552
964
59
119
19
222
379
743
137
170
107
994
315
16
336
182
126
420
152
927
285
575
496
903
167
417
598
368
229
299
270
572
756
98
248
44
829
387
750
16
652
809
38
561
871
933
968
664
364
169
411
229
419
270
470
267
192
327
71
169
827
680
699
68
274
898
243
640
565
429
10
690
846
849
621
350
176
276
828
613
566
916
885
171
567
820
985
433
204
180
90
150
910
404
898
389
414
611
290
684
36
113
773
957
868
311
842
76
312
814
640
208
859
772
815
126
196
933
919
362
21
129
720
996
905
55
508
661
151
4
752
744
518
874
799
556
528
896
471
865
655
531
385
268
40
804
572
527
97
11
277
483
681
196
649
15
575
694
153
344
321
625
277
476
900
769
912
465
676
324
459
446
435
712
740
839
259
577
761
42
910
8
648
716
905
544
398
77
138
76
107
501
766
450
578
912
170
704
392
680
768
357
466
526
355
364
617
852
515
232
876
511
441
716
102
890
163
444
666
602
185
648
351
240
59
862
428
88
986
73
640
76
731
851
213
428
622
1
16
271
568
491
738
368
746
672
958
967
351
913
548
685
402
501
286
763
211
853
375
969
314
543
117
699
532
337
554
345
856
470
4
870
951
825
310
882
80
219
56
447
442
978
700
864
651
544
714
684
387
479
598
27
63
732
960
833
480
564
607
503
960
553
495
442
374
319
373
181
807
240
980
194
664
676
72
893
63
472
529
816
324
555
330
731
629
863
886
396
906
283
271
200
690
250
845
255
842
903
456
713
652
384
177
647
92
314
293
557
461
536
26
266
707
201
317
852
719
453
113
226
432
137
331
799
575
785
628
484
620
37
774
274
398
726
416
776
300
802
793
79
741
220
354
722
566
363
490
850
445
613
437
849
339
573
955
224
584
37
37
299
886
598
73
826
690
575
904
204
728
859
783
729
559
895
575
573
407
421
593
258
717
328
460
829
79
280
9
319
941
637
242
316
126
488
916
804
366
724
408
338
537
186
91
241
767
835
146
70
916
377
740
411
590
164
504
200
536
573
777
676
457
229
470
84
780
902
597
641
918
281
164
994
91
823
144
141
789
614
261
470
661
656
202
756
988
826
347
26
890
790
149
16
254
463
448
23
638
750
998
477
360
589
686
533
92
547
561
249
218
260
876
326
132
921
605
86
266
861
589
842
330
621
462
573
404
345
858
969
331
782
939
442
996
799
386
399
143
372
349
956
991
19
593
920
706
223
227
141
5
740
729
436
209
617
384
670
179
708
755
845
972
848
75
719
370
33
930
121
351
857
326
817
283
653
675
167
128
51
107
811
624
517
500
926
480
544
813
837
355
602
390
517
820
642
809
993
9
947
341
199
190
533
406
70
411
338
959
301
181
686
648
585
812
208
312
382
661
653
988
499
818
550
982
666
593
52
241
87
859
821
789
430
386
264
58
650
565
318
779
332
937
932
155
383
543
76
751
941
311
900
22
618
877
490
800
785
201
423
273
708
319
846
750
892
589
179
564
768
328
407
88
598
623
202
114
440
893
793
551
462
152
793
7
25
353
858
540
611
535
20
995
659
332
249
139
631
367
960
707
164
623
167
369
581
467
280
274
875
210
997
705
949
120
303
692
938
841
87
845
527
361
78
203
360
163
675
605
922
799
462
953
51
147
237
358
254
167
6
38
116
778
180
549
86
4
464
360
287
216
163
61
102
365
637
530
260
488
513
189
239
372
41
310
108
77
59
89
434
304
375
221
924
1000
692
828
90
769
922
401
943
645
429
519
467
530
449
31
916
735
495
730
974
257
417
536
338
15
132
630
753
546
270
433
299
636
363
138
493
487
404
686
977
172
565
279
377
133
230
868
377
253
351
867
703
416
969
288
666
677
214
665
830
547
411
344
146
635
615
240
962
894
660
779
58
943
607
718
877
50
604
176
717
310
152
287
37
752
491
967
223
569
863
719
404
491
11
632
862
874
843
665
420
361
232
250
543
245
890
199
708
738
731
96
245
729
921
163
181
900
729
791
263
483
609
497
358
528
336
874
606
672
23
645
246
781
667
841
499
819
926
114
880
458
981
390
340
207
759
568
217
623
474
516
567
186
556
112
880
57
900
654
944
653
386
923
943
439
793
124
213
322
881
271
807
108
516
453
204
108
40
351
278
497
380
409
152
581
441
954
796
140
733
466
46
826
97
849
863
879
780
822
624
305
481
414
952
866
911
238
982
872
956
441
471
442
379
71
361
305
297
688
362
804
209
810
923
535
197
544
620
368
101
953
262
644
148
118
293
678
699
756
917
638
343
432
148
901
287
37
970
354
985
143
639
548
205
396
97
982
517
848
921
840
15
114
877
416
53
537
246
981
38
701
758
424
626
639
836
373
573
224
340
439
591
528
144
849
920
151
97
641
742
464
166
885
393
444
985
215
886
881
516
667
875
567
888
280
899
524
781
645
492
662
304
13
307
785
331
105
225
355
950
329
751
352
673
467
934
314
405
783
80
752
146
781
420
479
436
731
824
491
319
654
925
873
22
275
42
755
765
317
850
816
594
537
138
40
935
830
367
78
561
443
216
91
734
978
193
297
559
732
375
522
168
717
962
725
310
410
121
443
155
677
792
392
192
116
227
777
364
889
921
646
734
467
431
120
798
790
991
310
885
948
969
533
434
40
954
491
785
228
255
233
628
741
867
706
167
390
887
492
320
194
389
11
765
845
411
258
51
679
850
920
650
919
19
5
502
102
42
788
368
654
986
390
116
716
603
542
278
1000
916
732
491
854
60
692
157
953
610
209
366
167
441
55
770
366
494
706
991
730
819
340
327
665
854
429
778
9
293
379
437
127
554
657
727
845
334
197
703
369
186
692
792
495
854
982
665
145
526
196
170
997
380
586
923
436
824
189
129
746
699
962
258
703
872
370
648
576
925
478
375
498
55
233
748
838
623
710
597
192
66
301
827
844
600
72
448
563
727
844
118
703
121
783
77
881
785
646
486
504
972
359
339
125
590
695
571
604
123
704
554
59
853
135
343
580
156
798
712
68
847
553
937
621
874
963
43
84
31
502
276
214
818
193
589
725
58
258
973
187
763
289
981
303
814
277
466
849
428
460
66
30
974
926
526
972
417
96
402
258
568
531
493
116
62
347
850
99
996
184
444
417
501
311
290
757
579
215
135
1
3
67
811
199
20
225
221
576
286
707
154
497
978
838
701
687
641
508
563
644
72
790
548
652
252
832
813
933
496
836
130
657
754
936
84
917
863
586
142
577
475
892
597
626
805
340
935
507
221
221
272
420
54
485
12
898
226
235
423
985
268
179
972
76
46
452
290
148
624
933
658
8
304
938
826
61
540
115
247
212
71
372
699
686
282
759
591
549
316
553
827
770
689
680
869
882
494
775
776
832
827
829
610
372
48
968
3
779
446
904
113
588
427
575
179
752
447
962
8
80
561
236
955
680
262
505
563
404
151
232
607
966
283
337
21
281
325
846
648
477
553
694
245
849
197
183
141
779
712
499
772
948
859
621
822
470
210
517
797
898
359
692
975
888
557
648
130
201
265
794
505
858
897
779
503
96
188
227
266
698
93
763
201
731
950
944
619
973
560
879
367
747
878
646
770
236
99
60
713
266
777
661
756
379
992
944
924
486
108
550
723
311
572
251
485
662
376
241
122
991
38
127
3
616
11
109
123
791
625
641
14
826
252
930
132
142
866
703
387
371
395
505
505
550
576
72
32
753
518
618
622
726
414
239
930
426
768
880
519
219
257
63
10
138
757
882
299
536
780
4
804
650
218
443
551
737
291
679
884
460
611
130
649
160
246
101
728
188
706
143
974
135
611
837
528
607
214
552
49
36
800
912
545
173
260
804
341
823
935
269
896
850
808
324
608
655
877
804
659
769
632
396
7
143
959
311
615
217
814
363
217
919
801
297
269
500
174
592
332
116
671
712
555
133
645
653
830
369
922
511
902
524
840
600
148
637
981
454
309
428
41
912
352
853
153
357
936
931
46
645
356
762
337
693
510
128
475
492
833
648
788
613
497
564
576
959
631
868
449
221
318
714
105
81
363
751
567
780
382
784
753
732
964
784
445
455
991
99
403
583
286
72
171
823
84
899
654
144
49
148
633
823
884
467
97
5
188
702
306
447
815
870
649
274
284
506
690
699
934
175
420
847
167
879
661
921
991
140
471
418
336
415
389
971
848
419
511
945
15
379
550
399
667
959
295
653
123
396
279
242
77
538
986
607
640
100
645
643
228
109
371
871
993
36
897
42
782
919
8
57
24
189
762
305
150
483
666
183
211
737
648
971
404
832
96
237
428
509
172
101
814
589
392
978
810
599
142
268
469
673
88
212
311
676
84
547
461
204
625
777
848
111
720
418
311
621
72
691
257
434
232
940
948
27
342
67
123
562
842
189
989
107
427
942
439
885
449
304
555
927
759
605
886
818
682
563
538
303
321
900
343
501
192
926
710
392
929
400
111
268
881
871
201
604
237
767
962
622
866
177
425
84
562
718
237
823
312
19
564
284
288
450
639
418
347
536
956
791
695
537
501
187
763
927
881
316
98
240
677
500
92
667
352
590
885
215
466
41
78
274
978
366
657
341
70
395
563
259
210
737
328
801
877
509
80
992
734
762
906
73
688
239
498
899
576
567
830
431
886
700
658
630
605
884
950
43
622
167
127
58
63
137
828
303
394
758
751
43
12
210
294
80
55
578
837
765
998
757
824
903
949
276
58
791
555
971
605
406
825
488
158
700
40
934
514
527
566
431
40
416
454
97
654
883
997
694
236
375
702
152
494
519
336
773
610
671
414
422
899
44
126
390
715
244
53
532
755
594
767
415
284
46
694
803
767
772
75
65
388
916
214
251
74
406
373
748
883
697
412
759
602
997
219
270
859
371
752
651
733
742
6
698
306
408
20
685
106
603
23
666
870
433
860
382
348
206
298
305
809
142
973
985
708
2
104
746
368
836
463
459
768
332
757
632
47
303
681
978
736
570
253
904
810
237
825
585
71
981
668
678
75
418
956
275
573
600
250
292
548
445
418
639
65
913
49
206
733
610
372
123
9
388
680
893
44
286
146
670
135
226
714
7
47
35
25
840
284
86
124
538
106
967
611
569
527
249
233
531
316
406
783
310
366
2
501
147
182
715
291
143
920
362
834
572
701
352
841
851
772
863
979
267
210
559
693
166
956
204
795
329
287
507
569
948
68
751
175
434
854
145
879
233
130
832
894
751
380
512
154
259
401
2
196
77
671
69
378
385
189
915
131
162
478
479
317
610
602
733
381
698
181
605
6
320
779
675
152
353
429
615
116
70
543
498
590
144
389
724
220
636
820
630
205
667
400
897
186
485
115
334
914
952
677
915
688
742
989
180
832
632
901
11
405
430
504
778
69
258
73
875
592
647
70
321
658
77
350
914
906
355
776
650
745
337
66
736
547
743
193
357
39
972
116
550
107
237
372
985
886
254
25
318
580
449
989
666
323
20
921
48
539
937
997
770
88
191
776
207
846
241
171
578
494
93
722
34
884
697
84
278
488
379
3
556
96
155
975
900
9
225
906
898
91
187
406
320
552
158
533
492
700
847
652
703
774
203
799
839
191
427
293
853
120
841
856
18
253
591
673
690
550
331
263
574
57
402
707
26
396
320
871
846
897
480
358
948
567
878
138
410
171
489
282
186
361
171
864
363
295
822
643
503
275
207
857
393
905
668
914
614
182
269
997
750
499
76
202
336
600
504
792
723
59
766
795
539
172
597
439
631
875
667
585
689
20
83
406
628
77
183
221
153
364
209
249
83
115
250
971
905
457
430
121
81
698
982
18
753
50
993
127
673
252
81
580
426
94
456
732
912
554
332
104
693
283
907
243
689
394
935
525
513
494
402
255
985
197
631
739
869
702
847
21
286
929
253
930
635
411
81
183
143
464
145
791
610
917
987
321
941
233
267
680
550
351
745
491
447
619
364
455
937
614
77
371
837
788
820
339
822
60
856
193
230
240
21
115
619
517
259
660
423
631
837
533
7
879
147
559
47
773
457
189
45
142
261
73
273
376
563
444
689
175
503
496
79
332
604
361
168
428
734
961
916
367
648
940
772
190
417
354
754
396
623
447
597
648
174
971
425
940
786
740
987
96
614
613
777
131
370
245
765
200
350
28
291
553
144
830
218
920
808
786
335
985
252
925
24
767
31
11
737
739
174
271
52
559
223
58
300
321
475
232
833
394
457
76
128
563
127
812
445
162
930
248
786
56
461
825
131
306
576
969
505
18
471
592
305
853
338
555
973
659
508
700
640
241
546
984
108
593
806
891
430
58
582
690
453
219
291
822
176
411
541
142
895
252
18
111
601
544
655
792
333
496
149
806
318
545
110
405
635
737
673
490
256
453
840
1
56
603
351
491
516
956
651
702
300
666
886
10
539
760
741
44
711
24
629
945
94
59
393
45
240
122
656
253
932
299
222
869
492
190
600
532
470
281
235
805
33
791
925
471
822
865
117
433
177
311
986
358
117
322
325
462
868
431
564
318
235
645
825
662
89
43
172
518
693
925
813
933
571
119
791
203
436
23
386
164
983
65
650
289
91
77
279
784
283
722
273
446
111
350
903
982
767
84
93
405
677
740
15
247
762
89
251
544
59
526
507
512
261
485
952
378
764
657
500
408
592
367
979
981
913
385
71
871
969
885
132
379
799
680
12
588
765
299
822
698
485
757
380
911
282
808
326
410
128
445
539
593
153
481
125
220
571
353
159
901
679
920
777
418
502
934
174
886
839
772
970
102
400
975
728
867
943
205
742
344
936
201
312
600
201
599
378
621
251
34
260
585
244
720
289
369
496
774
633
143
101
776
710
319
161
682
480
80
997
398
108
360
929
959
936
498
807
534
883
449
748
931
435
161
178
291
536
985
467
549
666
920
69
78
118
595
991
847
42
701
427
371
915
477
314
114
712
989
328
83
868
327
147
363
672
127
252
346
329
325
446
60
545
791
459
429
704
907
925
69
639
645
544
222
314
575
275
478
411
95
134
464
762
987
810
252
751
493
70
206
277
566
104
325
531
757
989
630
601
200
457
225
932
589
589
515
196
570
896
327
694
388
883
678
65
155
765
769
72
473
648
831
280
906
987
725
607
192
764
754
876
573
657
158
226
566
546
913
87
397
339
652
952
819
145
460
904
686
402
794
778
141
790
34
396
291
488
903
90
644
965
761
385
735
668
633
847
978
353
809
103
967
816
520
63
344
315
494
154
361
614
537
435
657
10
263
186
827
207
981
14
256
594
467
644
813
655
936
725
45
785
512
17
123
814
4
675
297
388
836
830
927
81
787
559
747
25
458
542
595
825
708
32
331
16
34
888
389
720
724
41
190
541
520
636
996
561
203
922
678
540
671
353
615
301
676
672
184
543
793
445
510
283
248
490
419
289
436
918
920
907
895
852
783
731
102
243
313
739
928
345
112
380
852
200
674
651
807
172
745
781
769
799
686
113
152
179
274
112
944
460
716
376
897
971
659
27
622
977
629
213
165
308
211
176
46
130
673
927
49
213
71
172
237
776
742
645
190
669
955
894
142
649
998
948
166
373
428
715
766
563
983
358
920
217
369
666
583
661
199
307
850
96
733
524
261
125
268
205
79
653
596
517
339
416
871
265
410
314
352
27
191
889
145
6
866
984
586
809
926
600
485
25
390
40
241
645
384
182
773
840
669
400
1
990
666
998
518
867
895
420
534
463
525
70
692
475
559
633
826
310
614
518
772
784
708
939
500
240
731
903
504
293
636
561
329
966
200
172
153
913
228
651
625
680
945
548
294
983
807
790
753
975
980
716
821
173
422
211
767
362
145
780
279
775
751
435
883
239
230
347
558
725
960
949
359
926
787
969
106
853
934
460
757
144
903
701
827
876
535
734
552
864
537
315
813
167
959
747
222
254
750
430
490
352
733
126
323
90
308
708
282
542
399
468
784
642
135
233
766
711
185
371
935
298
588
989
346
996
602
785
124
842
597
517
875
863
96
963
640
375
492
760
464
314
101
811
999
479
561
16
650
841
527
706
396
344
45
356
215
259
415
899
623
318
716
496
606
561
601
48
544
154
252
581
750
3
430
822
772
173
637
389
903
457
727
514
520
919
682
680
26
88
774
349
449
462
761
218
766
301
417
275
36
833
233
723
206
97
290
328
945
658
255
617
665
702
694
229
73
71
277
884
552
676
314
31
752
433
881
182
498
147
226
170
613
768
312
213
934
920
548
230
189
608
500
773
715
582
548
958
711
238
812
917
508
274
818
501
174
627
650
609
601
321
369
559
631
718
397
25
671
258
71
370
872
187
587
26
681
597
806
181
87
726
170
219
141
730
448
160
727
222
381
602
644
700
334
22
605
913
112
127
453
356
103
98
519
425
232
489
142
129
357
701
575
539
869
160
392
110
326
313
670
291
100
335
248
511
788
868
741
223
605
143
916
693
480
703
607
735
820
659
629
420
168
514
992
506
326
87
648
659
918
485
128
770
602
180
808
278
160
498
44
970
993
479
711
492
828
492
331
258
721
870
722
153
844
479
735
933
395
835
685
465
859
365
487
814
122
701
351
329
125
69
170
835
659
192
182
183
838
620
721
834
889
518
232
964
851
673
943
841
662
292
73
801
564
352
430
925
720
326
555
660
217
485
162
225
796
487
360
787
540
416
128
103
937
930
185
924
520
524
667
813
13
542
278
251
603
999
444
530
880
154
899
738
268
436
682
162
622
956
726
126
716
199
110
703
720
211
448
458
26
363
458
223
242
57
597
323
975
843
371
865
551
326
696
597
871
38
372
526
659
661
174
546
987
937
508
921
803
279
220
779
858
448
494
83
331
365
746
275
60
708
814
376
528
605
177
783
727
696
987
770
788
196
471
793
210
989
918
346
150
474
642
794
698
235
239
934
227
738
100
844
738
99
800
973
845
634
227
104
377
554
375
772
195
561
743
543
662
626
337
78
107
933
108
502
47
330
941
67
360
243
720
640
649
125
982
434
59
631
31
641
649
666
728
903
656
491
552
569
963
896
439
85
958
323
350
486
71
236
718
813
279
460
666
850
776
77
775
612
464
790
915
405
984
610
923
327
844
720
812
898
124
949
965
642
922
316
868
716
17
478
443
395
97
205
117
595
792
341
14
980
722
244
486
20
80
248
486
546
212
153
777
703
839
741
3
547
552
819
711
945
168
484
730
832
706
276
494
707
577
711
999
957
86
479
34
808
830
327
704
755
497
863
80
773
704
800
516
196
617
452
695
936
595
383
180
263
788
75
760
607
583
769
896
661
365
880
891
468
803
296
794
593
618
69
694
57
292
142
658
614
901
797
176
886
460
354
737
638
416
621
219
888
637
674
58
65
843
978
994
822
923
855
158
293
954
403
474
75
566
478
535
681
341
295
526
646
522
291
675
553
198
615
373
498
321
400
636
742
654
893
595
836
824
220
459
127
392
566
474
73
37
116
275
768
483
78
670
3
869
861
491
486
544
472
776
662
90
650
193
821
336
872
583
387
120
884
602
31
310
619
771
97
309
407
895
133
433
848
11
366
687
724
889
747
439
52
153
297
499
106
681
46
261
340
991
146
370
616
145
220
334
816
351
993
811
201
534
643
732
308
14
720
744
17
894
67
792
389
873
986
115
634
640
329
728
545
608
584
63
355
81
269
55
637
761
738
288
491
836
808
260
179
874
724
784
702
704
923
699
646
111
647
206
922
387
263
743
375
69
719
3
761
658
815
371
249
202
787
406
489
772
215
147
148
322
243
709
657
198
798
248
686
231
884
942
922
415
295
156
656
586
646
800
595
463
354
608
797
687
362
67
523
57
664
30
324
602
762
55
865
181
341
748
6
996
347
70
802
675
155
52
959
876
573
617
755
825
742
496
642
480
731
520
434
629
350
432
191
710
833
88
465
43
520
757
369
842
839
82
56
822
946
836
654
425
892
262
224
253
919
648
196
705
521
500
717
249
98
545
972
183
454
18
194
672
529
794
841
83
426
855
428
373
309
467
790
435
66
887
580
878
567
489
456
291
353
744
138
726
896
509
604
783
166
34
927
471
934
838
232
852
524
127
544
892
260
760
727
564
91
852
48
454
24
468
720
983
373
494
374
621
946
827
428
194
453
389
188
697
529
21
556
983
553
956
972
875
410
153
88
824
411
768
820
294
374
902
367
964
225
907
670
891
539
966
70
786
48
377
222
965
844
880
594
50
295
492
36
565
588
877
282
377
791
263
3
576
222
599
781
660
901
32
980
21
595
941
2
195
337
685
624
628
545
34
574
139
793
11
735
428
745
418
118
604
371
691
232
641
375
46
43
575
623
410
888
978
415
483
166
330
942
951
557
746
592
554
912
369
650
951
244
516
144
103
499
577
562
578
8
679
561
455
149
850
174
610
4
122
29
591
447
908
234
942
147
690
807
820
671
916
67
225
524
141
161
323
976
415
881
215
297
539
595
732
435
853
864
478
380
492
432
781
266
170
886
469
821
907
918
313
331
571
166
212
337
884
234
588
287
830
144
41
254
570
778
279
186
522
785
788
889
22
624
337
286
268
282
196
428
102
419
477
698
97
840
371
811
358
346
473
944
67
578
171
168
762
826
264
281
620
427
30
201
788
603
976
731
208
530
831
834
771
396
588
212
890
436
33
725
401
336
410
373
526
821
8
633
383
305
874
252
405
445
10
964
319
967
435
335
751
212
551
652
519
74
418
159
844
612
302
421
698
193
786
247
676
942
768
745
823
826
104
717
238
225
490
166
532
301
25
86
298
132
678
428
729
804
632
220
831
294
941
737
806
90
422
413
265
754
257
239
226
341
205
161
59
733
691
350
19
424
112
915
455
983
242
192
506
108
839
535
12
933
253
719
325
181
832
984
298
604
474
826
439
792
101
794
151
366
620
348
340
768
561
49
39
926
861
367
431
570
918
985
761
455
454
347
765
830
287
154
159
843
976
132
654
929
292
170
397
999
924
699
966
573
90
944
72
72
313
130
161
407
981
379
608
934
972
971
218
735
619
997
241
491
541
281
997
508
164
262
824
68
175
69
597
732
749
669
66
375
88
262
929
59
679
896
628
366
854
919
609
383
643
981
516
859
173
912
503
504
781
836
411
650
137
33
299
826
139
71
259
667
534
204
190
455
955
263
925
348
834
106
599
83
627
900
197
934
358
636
81
579
382
584
314
596
732
671
415
890
596
493
167
587
740
635
754
890
804
389
103
204
740
925
672
87
33
76
224
19
625
296
533
791
15
818
395
375
751
801
862
55
927
100
325
10
702
453
464
483
475
690
636
900
876
421
460
281
192
598
772
809
329
672
390
441
763
462
697
756
484
740
600
147
493
145
811
279
823
27
460
693
727
232
117
913
625
628
519
602
309
418
549
94
521
318
812
670
899
638
71
648
613
671
36
439
436
863
893
238
194
924
607
278
152
27
797
978
134
169
366
904
612
553
643
592
952
648
55
91
223
463
468
700
414
520
473
756
284
719
817
458
968
226
478
90
569
526
952
506
98
937
415
586
803
211
506
610
58
157
337
712
312
986
297
768
309
708
330
291
661
457
458
656
280
352
38
606
768
299
740
490
907
349
299
220
734
480
868
276
133
433
769
872
794
532
854
531
386
538
564
558
145
124
394
854
473
660
170
652
769
87
517
399
804
11
644
55
592
906
717
2
404
804
877
20
303
4
472
54
770
331
468
970
11
214
509
443
960
982
379
258
487
200
780
165
260
715
102
689
732
249
434
451
264
584
236
170
735
539
879
866
994
895
737
804
229
965
408
461
503
715
321
497
143
929
379
20
979
972
586
616
979
165
198
428
514
3
801
258
263
462
915
833
452
84
704
943
139
851
99
70
441
486
574
109
233
555
962
878
490
34
849
563
205
945
512
971
733
632
619
425
236
552
459
793
547
926
341
864
158
697
287
1000
996
726
244
469
325
675
668
921
780
637
740
141
819
777
70
505
454
609
16
738
569
521
382
821
187
243
749
963
696
326
482
260
250
277
212
450
541
892
602
329
724
658
893
65
590
914
580
634
493
680
819
377
534
855
639
968
892
461
88
578
580
216
367
821
177
295
936
259
233
465
197
722
793
690
564
344
458
450
735
678
946
302
626
704
554
370
204
72
899
845
7
86
507
769
523
482
544
330
810
621
367
26
733
203
87
684
977
990
783
484
805
286
673
794
911
288
896
74
69
471
424
659
523
377
47
466
996
704
672
899
146
787
471
557
487
388
512
44
411
198
753
772
948
637
823
585
22
942
293
628
526
456
421
930
47
788
716
961
607
845
286
900
566
385
99
386
781
39
577
548
612
545
144
498
524
445
543
988
954
21
680
605
840
327
434
49
485
402
353
922
560
812
763
610
412
896
483
373
126
869
581
857
594
181
805
237
726
225
975
957
868
596
249
136
590
385
247
126
183
784
12
41
268
966
412
658
624
559
200
405
168
494
639
974
176
891
102
716
752
301
430
843
978
591
943
910
430
390
611
426
322
55
963
595
313
936
996
656
881
845
838
215
44
978
198
92
104
318
736
729
192
219
116
38
438
703
942
68
663
154
769
699
579
16
847
136
328
514
170
991
850
773
617
250
173
104
190
434
398
588
260
52
715
578
9
875
751
613
254
85
575
913
105
192
975
779
443
655
999
468
384
453
385
892
77
959
703
533
417
462
507
865
835
704
99
486
287
810
914
732
340
932
516
774
799
827
512
877
243
259
425
360
731
806
446
899
464
728
753
620
204
839
172
334
296
994
230
722
500
749
574
141
259
571
710
742
274
99
290
313
483
74
591
553
767
121
912
266
175
708
369
537
903
487
622
731
647
210
486
523
724
979
175
16
147
850
74
637
992
220
964
42
155
829
278
710
356
365
12
391
269
269
612
121
880
481
136
72
820
72
260
966
19
396
151
531
887
594
940
982
998
182
939
300
399
390
599
201
644
867
327
353
915
125
15
934
492
74
608
160
1
166
729
747
511
483
363
483
996
775
138
297
567
337
472
514
14
795
378
714
647
169
558
218
837
469
777
542
382
25
239
297
836
189
3
794
532
511
162
572
84
959
48
800
246
936
932
492
711
59
131
247
410
692
58
48
918
721
175
571
697
880
127
854
332
317
153
18
495
779
493
75
62
387
440
314
475
559
666
395
112
441
69
479
857
637
69
476
748
40
55
728
305
238
817
149
59
730
143
545
123
470
228
448
933
431
274
1000
432
836
230
385
801
973
577
29
333
518
985
13
223
854
649
176
889
912
329
532
58
738
769
800
235
36
935
653
424
539
292
323
403
857
713
257
346
683
829
535
930
612
686
369
304
880
608
446
241
57
287
210
295
461
130
112
386
581
646
117
998
180
152
480
80
929
45
380
664
46
990
135
533
536
507
659
148
393
869
622
282
267
441
131
982
447
345
409
248
368
5
184
923
692
690
8
395
705
938
237
284
179
608
99
661
452
465
178
827
341
404
396
822
842
533
741
483
131
376
533
314
510
82
238
308
332
821
585
190
152
762
210
962
238
936
24
984
78
742
187
759
634
886
275
631
987
727
635
330
601
59
854
867
527
666
81
743
187
218
741
483
285
746
895
564
348
369
56
858
6
962
406
712
632
591
751
269
218
736
616
91
592
577
336
842
175
23
510
213
994
875
812
260
33
729
743
554
107
778
335
671
405
568
314
838
91
409
297
534
238
266
304
229
625
710
494
464
775
667
773
162
639
269
474
576
150
100
552
482
332
227
994
901
513
145
575
214
648
799
362
812
515
374
289
336
662
319
374
351
910
270
591
839
591
53
345
999
531
686
287
388
83
203
444
556
734
998
837
409
920
194
262
928
407
645
821
233
283
649
897
15
148
967
130
90
5
124
288
995
372
99
325
825
160
691
683
525
259
551
711
455
340
659
777
838
45
982
750
62
253
237
527
717
920
997
429
788
544
666
317
471
589
734
600
967
58
188
274
576
578
647
227
32
997
639
749
890
568
451
775
504
330
626
886
49
180
279
465
474
609
603
493
631
60
611
964
11
897
801
826
920
391
755
129
288
687
312
842
260
162
608
47
840
674
348
475
465
745
681
281
236
404
490
107
101
364
43
769
760
785
837
981
535
112
417
832
242
449
601
787
214
421
949
886
443
382
524
861
178
272
856
289
989
946
371
893
55
964
729
742
218
209
150
846
766
527
860
312
195
957
595
248
347
387
871
136
119
923
487
819
902
26
302
500
19
459
434
421
368
892
824
241
240
506
532
181
195
411
203
582
180
272
925
576
550
454
2
38
557
74
923
938
307
66
589
559
929
745
928
112
619
781
592
354
7
293
292
555
288
826
902
613
52
274
605
640
628
524
680
460
198
486
549
665
605
914
263
228
219
177
370
858
899
749
563
342
106
941
329
634
118
732
757
563
175
275
80
730
558
610
930
438
250
783
701
817
678
774
156
412
810
815
552
706
671
225
681
761
231
870
201
519
562
500
713
142
449
221
467
355
436
881
745
791
741
232
247
355
770
344
47
914
548
260
875
745
577
108
709
953
206
383
992
553
624
82
418
240
80
868
429
409
817
854
130
229
750
280
474
152
99
754
793
51
72
626
269
409
393
873
977
224
223
748
649
579
144
203
81
40
416
155
101
782
449
836
236
336
102
274
26
140
220
835
306
805
613
675
288
757
282
178
865
117
896
63
470
93
499
625
446
73
76
241
55
136
351
514
692
649
798
348
106
115
611
635
377
164
676
773
616
890
354
687
361
456
850
152
760
965
950
913
660
697
825
538
868
868
445
609
323
722
867
243
729
811
467
358
596
942
617
145
585
176
977
805
341
329
994
546
953
970
725
154
810
604
494
259
620
627
7
294
572
921
559
251
849
559
467
925
390
981
109
571
760
39
10
648
39
240
744
112
133
228
441
459
643
170
346
95
871
65
329
602
963
379
134
864
196
668
684
17
357
163
116
340
733
229
912
878
444
49
117
764
213
297
688
197
814
149
47
892
55
49
334
850
69
422
754
322
187
179
699
354
502
636
743
426
963
466
294
619
944
902
25
179
806
883
911
297
663
188
724
304
875
279
9
115
795
27
160
559
608
93
512
717
907
713
993
493
863
870
280
745
131
52
639
723
777
440
314
122
16
407
299
827
538
138
277
57
841
64
911
791
384
716
485
92
600
756
302
864
531
930
475
744
112
881
91
652
926
387
528
498
515
770
978
212
936
109
717
217
96
352
618
938
937
553
644
951
27
81
1
955
89
55
984
35
909
775
2
862
767
143
588
67
655
312
975
705
625
145
91
789
330
974
668
276
428
421
498
396
234
478
207
759
963
265
742
801
763
211
999
929
713
658
637
249
924
441
152
235
544
869
82
457
380
934
71
513
718
66
798
352
309
924
360
359
892
567
428
37
104
879
91
942
429
936
393
903
300
545
272
397
243
383
116
797
339
35
452
799
594
798
669
608
916
366
828
994
263
66
516
272
744
832
462
405
514
445
188
362
214
948
49
119
757
975
331
77
829
271
336
427
39
970
575
642
734
196
504
825
630
869
814
562
753
422
404
913
115
51
685
457
175
746
310
400
279
651
766
161
414
25
496
709
679
663
321
407
14
269
982
268
196
662
772
514
58
401
143
5
610
18
616
366
516
105
228
702
568
9
785
206
36
831
480
688
116
830
550
747
142
325
526
655
189
486
965
816
727
479
143
47
415
940
782
898
311
139
722
434
725
683
564
331
85
729
304
672
257
663
302
187
420
397
992
792
752
865
234
439
461
257
793
181
648
24
483
828
944
152
897
250
178
248
425
248
667
676
239
495
882
806
616
274
283
478
670
930
323
501
359
839
209
632
215
932
899
129
608
962
252
309
842
170
336
512
45
597
791
855
594
871
618
103
229
389
912
531
619
200
882
389
584
359
126
986
986
458
740
666
105
694
782
961
390
484
178
100
660
322
892
741
648
661
124
672
253
70
40
97
924
725
612
298
714
259
66
266
808
448
608
554
289
150
847
362
374
714
195
791
866
664
157
813
613
38
672
463
15
93
650
676
937
308
722
855
659
174
751
543
953
939
712
477
910
803
657
14
781
911
658
26
775
619
50
328
977
246
307
990
100
676
810
128
704
28